0	-55.4993
0.2	18.1259
0.4	64.8312
0.6	60.8585
0.8	-21.6215
1	110.402
1.2	26.2045
1.4	4.56185
1.6	-15.2268
1.8	-48.9176
2	-58.5779
2.2	62.071
2.4	-7.04269
2.6	15.8346
2.8	6.6321
3	59.0959
3.2	69.2414
3.4	-82.8663
3.6	37.0158
3.8	62.0081
4	46
4.2	72.1238
4.4	52.5973
4.6	94.2113
4.8	14.9912
5	106.481
5.2	88.779
5.4	44.109
5.6	-33.6669
5.8	84.9324
6	32.8044
6.2	-14.4044
6.4	61.1487
6.6	-54.8684
6.8	-2.60084
7	-96.366
7.2	19.2652
7.4	62.5257
7.6	66.3344
7.8	88.3944
8	98.6524
8.2	-48.1985
8.4	12.2479
8.6	-69.9138
8.8	45.9551
9	-25.5931
9.2	-51.9665
9.4	44.576
9.6	-29.6306
9.8	85.1742
10	-37.385
10.2	176.847
10.4	-68.4258
10.6	-28.177
10.8	76.7136
11	16.0734
11.2	8.06198
11.4	-38.4944
11.6	61.4978
11.8	18.8708
12	4.87019
12.2	-1.67124
12.4	14.7461
12.6	-0.729878
12.8	64.1936
13	45.4943
13.2	34.7599
13.4	80.9384
13.6	52.8657
13.8	46.9417
14	41.0367
14.2	-4.68365
14.4	51.706
14.6	-46.5334
14.8	77.6381
15	46.8731
15.2	110.135
15.4	98.1834
15.6	127.59
15.8	28.1043
16	19.519
16.2	48.8216
16.4	46.8288
16.6	-13.1035
16.8	63.5638
17	139.104
17.2	33.9415
17.4	96.1291
17.6	15.0783
17.8	52.1428
18	7.66538
18.2	66.0938
18.4	40.0167
18.6	73.5437
18.8	72.9802
19	5.3166
19.2	67.3199
19.4	61.2776
19.6	43.0619
19.8	158.523
20	132.026
20.2	96.7571
20.4	49.0961
20.6	59.7262
20.8	148.59
21	164.923
21.2	103.427
21.4	-3.58142
21.6	119.213
21.8	73.5408
22	-16.8251
22.2	122.072
22.4	139.842
22.6	191.747
22.8	137.351
23	-0.0199871
23.2	22.5805
23.4	17.1675
23.6	73.7748
23.8	61.8263
24	117.877
24.2	167.431
24.4	35.8086
24.6	116.844
24.8	96.7444
25	51.5647
25.2	58.3403
25.4	90.1161
25.6	61.7133
25.8	60.8395
26	-30.1641
26.2	57.8903
26.4	55.4002
26.6	152.109
26.8	186.253
27	101.166
27.2	14.6074
27.4	130.176
27.6	98.849
27.8	17.6533
28	58.1151
28.2	73.5085
28.4	142.29
28.6	82.0351
28.8	69.1301
29	110.224
29.2	8.55344
29.4	17.11
29.6	87.9897
29.8	39.2334
30	133.585
30.2	37.6314
30.4	83.2719
30.6	62.1714
30.8	154.111
31	161.55
31.2	86.2631
31.4	61.5755
31.6	103.643
31.8	53.4686
32	176.516
32.2	111.885
32.4	147.254
32.6	193.015
32.8	138.626
33	125.719
33.2	104.251
33.4	139.56
33.6	187.878
33.8	139.272
34	55.1181
34.2	97.4077
34.4	135.296
34.6	120.989
34.8	122.034
35	108.132
35.2	-1.14549
35.4	172.107
35.6	181.776
35.8	11.3363
36	154.26
36.2	119.624
36.4	107.26
36.6	177.632
36.8	113.223
37	67.2901
37.2	95.3776
37.4	114.121
37.6	96.5364
37.8	151.087
38	92.0871
38.2	159.786
38.4	144.011
38.6	128.566
38.8	122.683
39	178.345
39.2	118.466
39.4	182.858
39.6	138.749
39.8	125.463
40	190.064
40.2	195.528
40.4	166.223
40.6	179.209
40.8	173.305
41	125.227
41.2	245.228
41.4	119.296
41.6	98.0007
41.8	70.1294
42	192.609
42.2	83.8925
42.4	73.5307
42.6	133.695
42.8	177.457
43	92.4413
43.2	190.231
43.4	163.576
43.6	215.487
43.8	109.57
44	133.499
44.2	203.761
44.4	149.432
44.6	214.198
44.8	117.48
45	139.352
45.2	136.76
45.4	115.284
45.6	171.805
45.8	154.75
46	177.491
46.2	79.3661
46.4	165.931
46.6	229.474
46.8	161.888
47	215.673
47.2	201.668
47.4	174.716
47.6	132.763
47.8	143.709
48	95.8512
48.2	163.318
48.4	135.511
48.6	161.943
48.8	134.774
49	147.946
49.2	70.4237
49.4	199.168
49.6	193.279
49.8	154.771
50	117.306
50.2	94.0162
50.4	168.9
50.6	208.359
50.8	87.3225
51	136.977
51.2	148.702
51.4	156.224
51.6	209.799
51.8	170.879
52	118.901
52.2	239.036
52.4	116.512
52.6	201.082
52.8	267.328
53	305.578
53.2	179.311
53.4	157.826
53.6	188.592
53.8	123.961
54	279.481
54.2	87.2027
54.4	145.608
54.6	173.21
54.8	194.415
55	118.409
55.2	170.068
55.4	226.918
55.6	172.015
55.8	142.81
56	245.374
56.2	241.832
56.4	106.238
56.6	99.2892
56.8	277.976
57	223.016
57.2	262.676
57.4	330.618
57.6	128.326
57.8	221.617
58	214.357
58.2	249.422
58.4	203.902
58.6	211.792
58.8	215.51
59	180.678
59.2	183.887
59.4	236.396
59.6	235.774
59.8	287.281
60	170.022
60.2	195.36
60.4	208.179
60.6	323.816
60.8	216.48
61	186.676
61.2	238.382
61.4	257.44
61.6	174.174
61.8	211.512
62	231.182
62.2	233.659
62.4	214.588
62.6	232.093
62.8	237.588
63	247.309
63.2	244.851
63.4	278.31
63.6	188.936
63.8	188.138
64	248.127
64.2	177.859
64.4	157.908
64.6	211.955
64.8	209.866
65	286.165
65.2	162.843
65.4	172.315
65.6	200.08
65.8	160.097
66	148.733
66.2	181.419
66.4	232.184
66.6	233.851
66.8	225.566
67	220.963
67.2	259.287
67.4	275.321
67.6	242.012
67.8	194.285
68	214.418
68.2	234.838
68.4	228.31
68.6	247.023
68.8	245.781
69	216.405
69.2	217.569
69.4	215.811
69.6	244.273
69.8	190.4
70	195.938
70.2	189.063
70.4	117.145
70.6	244.875
70.8	268.847
71	261.179
71.2	216.65
71.4	264.09
71.6	251.079
71.8	234.394
72	200.554
72.2	231.717
72.4	295.776
72.6	303.699
72.8	227.212
73	267.676
73.2	276.207
73.4	184.838
73.6	304.061
73.8	270.557
74	267.907
74.2	350.002
74.4	214.611
74.6	303.973
74.8	310.231
75	263.698
75.2	311.07
75.4	310.885
75.6	199.376
75.8	252.279
76	204.502
76.2	218.1
76.4	315.431
76.6	219.439
76.8	296.598
77	132.008
77.2	358.208
77.4	240.236
77.6	235.763
77.8	286.779
78	196.604
78.2	295.148
78.4	190.579
78.6	413.087
78.8	342.833
79	269.329
79.2	214.438
79.4	218.822
79.6	317.481
79.8	311.716
80	264.649
80.2	333.436
80.4	285.696
80.6	209.779
80.8	180.556
81	243.592
81.2	229.762
81.4	327.811
81.6	114.976
81.8	360.295
82	212.841
82.2	257.862
82.4	216.447
82.6	216.8
82.8	265.661
83	187.962
83.2	340.105
83.4	325.218
83.6	313.888
83.8	230.323
84	319.686
84.2	203.322
84.4	283.34
84.6	357.303
84.8	202.648
85	259.082
85.2	207.522
85.4	351.024
85.6	309.591
85.8	286.086
86	332.859
86.2	294.773
86.4	207.88
86.6	232.427
86.8	251.928
87	329.11
87.2	234.599
87.4	309.583
87.6	273.012
87.8	308.089
88	257.533
88.2	360.708
88.4	284.966
88.6	258.4
88.8	236.186
89	375.256
89.2	324.552
89.4	243.386
89.6	371.136
89.8	366.87
90	309.48
90.2	252.755
90.4	315.037
90.6	327.362
90.8	250.515
91	318.292
91.2	341.427
91.4	427.824
91.6	381.63
91.8	339.078
92	346.591
92.2	291.477
92.4	223.669
92.6	285.299
92.8	247.961
93	344.667
93.2	280
93.4	277.692
93.6	330.663
93.8	340.73
94	229.717
94.2	307.592
94.4	380.323
94.6	275.403
94.8	297.994
95	227.681
95.2	292.881
95.4	368.025
95.6	292.19
95.8	283.074
96	344.655
96.2	331.006
96.4	288.557
96.6	329.574
96.8	390.932
97	330.459
97.2	332.713
97.4	268.126
97.6	261.078
97.8	288.386
98	371.385
98.2	300.893
98.4	284.851
98.6	353.04
98.8	307.301
99	310.854
99.2	284.738
99.4	318.16
99.6	353.44
99.8	252.56
